dpDict = {
    "/home/younger/work/nerfstudio/outputs/gazebo4_transformed/splatfacto/2024-08-05_204928/config.yml": 
    {
        "transform": [
            [
                0.9947746992111206,
                -0.07210789620876312,
                -0.07227572053670883,
                1278.867919921875
            ],
            [
                -0.07210789620876312,
                0.004931271076202393,
                -0.9973846673965454,
                -75.30574035644531
            ],
            [
                0.07227572053670883,
                0.9973846673965454,
                -0.00029408931732177734,
                -566.6797485351562
            ]
        ],
        "scale": 0.00042486766191778165
    },
    "/home/younger/work/nerfstudio/outputs/gazebo4_resampled3_dataset/splatfacto/2024-08-19_160517/config.yml":
    {
        "transform": [
            [
                0.999030590057373,
                -0.03122817538678646,
                -0.031026339158415794,
                1046.9239501953125
            ],
            [
                -0.03122817538678646,
                -0.005996346473693848,
                -0.9994943141937256,
                -22.183147430419922
            ],
            [
                0.031026339158415794,
                0.9994943141937256,
                -0.006965756416320801,
                -360.2428283691406
            ]
        ],
        "scale": 0.0003920489111645499
    },
    "/home/younger/work/nerfstudio/outputs/gazebo4_resampled4_dataset/splatfacto/2024-09-02_213741/config.yml":{
        "transform": [
            [
                0.9971135258674622,
                -0.05388769134879112,
                -0.05348546802997589,
                1196.089111328125
            ],
            [
                -0.05388769134879112,
                -0.00603795051574707,
                -0.998528778553009,
                -45.718353271484375
            ],
            [
                0.05348546802997589,
                0.998528778553009,
                -0.008924365043640137,
                -333.90472412109375
            ]
        ],
        "scale": 0.00036276436364435065
    }
}